    1.00000    0.25412    0.00000    0.00000    0.00000    0.18571    0.00000    0.00000    0.00000    0.12215    0.00000    0.00000    0.00000
    0.25412    1.00000    0.00000    0.00000    0.00000    0.83782    0.00000    0.00000    0.00000    0.65457    0.00000    0.00000    0.00000
    0.00000    0.00000    1.00000    0.00000    0.00000    0.00000    0.58125    0.00000    0.00000    0.00000    0.36881    0.00000    0.00000
    0.00000    0.00000    0.00000    1.00000    0.00000    0.00000    0.00000    0.58125    0.00000    0.00000    0.00000    0.36881    0.00000
    0.00000    0.00000    0.00000    0.00000    1.00000    0.00000    0.00000    0.00000    0.58125    0.00000    0.00000    0.00000    0.36881
    0.18571    0.83782    0.00000    0.00000    0.00000    1.00000    0.00000    0.00000    0.00000    0.93695    0.00000    0.00000    0.00000
    0.00000    0.00000    0.58125    0.00000    0.00000    0.00000    1.00000    0.00000    0.00000    0.00000    0.89714    0.00000    0.00000
    0.00000    0.00000    0.00000    0.58125    0.00000    0.00000    0.00000    1.00000    0.00000    0.00000    0.00000    0.89714    0.00000
    0.00000    0.00000    0.00000    0.00000    0.58125    0.00000    0.00000    0.00000    1.00000    0.00000    0.00000    0.00000    0.89714
    0.12215    0.65457    0.00000    0.00000    0.00000    0.93695    0.00000    0.00000    0.00000    1.00000    0.00000    0.00000    0.00000
    0.00000    0.00000    0.36881    0.00000    0.00000    0.00000    0.89714    0.00000    0.00000    0.00000    1.00000    0.00000    0.00000
    0.00000    0.00000    0.00000    0.36881    0.00000    0.00000    0.00000    0.89714    0.00000    0.00000    0.00000    1.00000    0.00000
    0.00000    0.00000    0.00000    0.00000    0.36881    0.00000    0.00000    0.00000    0.89714    0.00000    0.00000    0.00000    1.00000
